fake_map_name:
- name: bannock
  x: 101.68138885498047
  y: -83.59026336669922
  z: -8.0
- name: bentbranch
  x: 9.471600532531738
  y: 27.2061710357666
  z: -1.2078948020935059
