fake_map_name:
- name: bannock
  x: 101.68138885498047
  y: -83.59026336669922
  z: -8.0
- name: bentbranch
  x: 9.471600532531738
  y: 27.2061710357666
  z: -1.2078948020935059
- name: grid plaza
  x: 31.32516098022461
  y: 25.264907836914062
  z: 1.5842924118041992
- name: grid_to_shroud
  x: 145.1088409423828
  y: 155.03067016601562
  z: -13.170108795166016
