mapname123:
- name: test
  x: 128.54833984375
  y: -306.6265563964844
  z: 25.011795043945312
- name: test2
  x: 133.54833984375
  y: -301.6265563964844
  z: 30.011795043945312
